Limen 11 111, 47

111 sententia 1101111111111111112 <fredam 1101· mihi 1011111, 11111111
1111111 10 11Χ151111111111, 1111λ cx 1115 miseriis 1111111 11111111 1111110-
1010, 11151 111 1111111111115 1111111111111111 intellegant 1110 1111111
1111111115511 111111111 1111110111. 011 1105110111111 1111111 111111 1111115511λ
n (11111111 11111111 civilia. 11111115 1110 0111151111111110 111111) forez
111 numquam 1111011110111. 1110111111 memini 111 1100 01011010
gloriari 5011111111 11550 1111111111110111 111151111111, Q. 1111111111-
sium, 11111111 1111111111111111 1101111 011111 interfuisset: 11110 11051111
111115 0111 1111115111111, 11111111 1111 1111111011111111· 111111111110, dv
11111115 111 existimari 1111551· 111111 1111111101, Nm: 1110. 15111
10110111, 1111110 1111111 11 11· 1111 111111110111 fidissime 11111110
111111111115511110 111·1111111111111111·. Nulla 051 0111111 110011111115,
1111110 111111 011111111115 11111· 1111115 101111111111 110111111111110110
inpendere 1-1110111111ς 111111111 11111111·111 ‘7⁴2⁴‘ 11 10 publica
ς, 111015 1111111115 et 11011111511015 1111·11111111111115 1111011115511110.
vel 15115 111515, 1111110 111 1110 11101105 111 0111011111. 10110-

1111550111. 1911111 111011. 11110111 11111 011111111 0550 gaudeo, 51 ·
0111 111111 105 11111111011, 511115 1111111111111 11111111111111111111 101111
111111111 111 1110111111111 111111111115 111011 5111 1111111111 11111111 0111,
zu, 1111111. accidet 01 50111111111111 11 1011111115 civibus. Nam
11111111 11111115, 111 1051110111111 generum mcum. 111111105001110111
optimum 111111111110 1ῑ·111155111111111. 1111 11111111115. 11111 501115,
quanti 011111 11111111 111111 vcro Tulliani 111011111 1111111111, 1111111
011 1110 01111110110111011115511110 5011111101. 01 011 11111015, 1111011
. 31111 communibus 1111501115 11111· 111111011 111110011111111( 5110011111,
1,)111111101111111 1111311111 101 11011115 111151111111 11110 1111 115 mo>
1051115, 1111115 111101111111110 51111 1111111111Χο1111, liberum? Velim
11111101115, 111105 1110 11105 51151111110111, 111 111110 1111111 11111,
111111111 1100111115 51111, (11111111 mihimet 11151 51100111 11011 11110

⁰ 1105105. 111111110 11011111· 01111 11111113 1115111111101150111 011511111 3
0511100111, 110 111111 1111111 011110111111111 051 1111 05501, 111 111
50111115Ὺ 11011110 111110111111111 11511110 0110110, >¹1 (1111111111) 0111
civitas, 0111 111-11100111 11111115 11101151 5111 1111111111 11011 0111,
, 111 0115110111 50111111111105 111 11150, 111 1111111101, 1011105, 111
,ὠ quibus 1105 001150111550 1111101105, Sed 01,νο 1111111550 11111-
einor, 01 111101- omnia 1110110105 habebunt exitus. Re-
0011101 enim desperationes 00111111, 11111 501105 0111111 111111-

 

